   2.0000000e+00  -3.3607186e-01   6.0438118e-01   2.0409448e+00   1.5944165e+00  -1.0767446e+00   4.1619725e-01   2.6212281e-01  -1.1362985e+00   5.0591228e-01  -8.8348169e-01
   2.0000000e+00  -2.3991816e+00   2.2255069e-01   8.2928080e-01   5.6156388e-01  -1.1668534e+00  -4.2416528e-02  -6.4852333e-01  -5.0585294e-01  -1.4973427e+00  -5.5942801e-01
   2.0000000e+00   1.2241116e+00   4.3391753e-01   1.8483779e+00  -3.6716368e-01  -1.5933627e+00   5.9873237e-01  -9.0623005e-01   9.4999992e-02  -1.0325562e+00   1.1051302e+00
   2.0000000e+00   1.6567310e+00   7.6726529e-01  -6.9572578e-01  -1.4839130e+00  -2.5329865e+00   1.3317958e+00   1.6477111e+00   7.0584972e-01   4.5977937e-01  -8.1488285e-01
   2.0000000e+00  -6.8098300e-01   6.2479953e-01  -7.8188576e-01   9.3517069e-01   6.8824068e-01   7.8465804e-01   1.2306799e+00  -8.4914054e-01  -6.3596086e-01  -5.1380077e-01
   2.0000000e+00   9.9270629e-01   9.2207760e-01  -3.6208421e-01   1.7799963e+00  -2.3199244e+00  -5.5421965e-01   1.8225356e+00   8.1655428e-01   3.8172308e-01   2.0446233e-01
   2.0000000e+00   7.5340360e-01   4.5174384e-01   2.6014498e+00  -7.0714265e-01   9.1273728e-01  -9.9314265e-01   5.2332696e-01  -1.3377022e+00  -2.3043666e-01   1.0395283e+00
   2.0000000e+00  -1.6994208e+00  -6.4718426e-01   1.8284412e+00   2.3668671e-01   2.3881238e+00  -4.1564148e-01   8.0053881e-01   3.8941998e-01   4.0823334e-01   1.1073280e+00
   2.0000000e+00  -1.3680726e+00  -1.4541410e+00  -5.1078130e-01   9.9320176e-01   5.2115481e-01  -1.2601710e+00   1.1905965e+00  -2.1338311e+00  -1.7711963e-01  -1.6126825e+00
   2.0000000e+00   8.9041837e-01  -2.9368020e+00  -8.5879383e-01   2.6552068e-01   8.2515957e-01   7.4367223e-01   1.4180803e+00  -4.7462988e-01  -9.3558099e-01   1.0610217e+00
   2.0000000e+00   1.1244873e+00  -3.0815497e-01   8.4862076e-01   6.4773034e-01  -9.1301385e-03   9.4447517e-01  -9.8362782e-02   6.5317573e-03   2.2589517e-01   1.0817788e+00
   2.0000000e+00   1.5606239e+00   9.6872043e-01  -3.3471616e-01  -1.1474968e+00   4.3223543e-01  -6.3070025e-01   1.6698441e+00  -1.1647762e+00  -2.7761173e-01   4.3431819e-01
   2.0000000e+00  -1.2562849e+00  -8.1145456e-01  -5.8159676e-01   1.6352827e+00   8.2836527e-01   5.2057497e-01   1.3340174e+00  -1.0412192e+00   1.0239891e+00  -9.7305631e-02
   2.0000000e+00   1.1152111e+00  -3.3014203e-01  -2.0179414e-01  -8.8220605e-01  -2.2669635e-02  -3.6750494e-01  -5.5513005e-01  -1.9616262e+00  -1.4619114e+00   3.4085118e-01
   2.0000000e+00   9.5425837e-01   9.8381531e-01   8.5135316e-02  -1.6810464e+00  -9.2164659e-01   7.4004826e-01   7.6751197e-01  -5.4614673e-01   1.0208955e+00   1.6381120e+00
   2.0000000e+00  -2.4483899e-01  -2.0705671e-02  -1.2229131e+00  -1.7802404e+00  -2.3100575e+00  -4.5363896e-01  -2.7124933e-01  -1.6411761e+00  -2.5432212e-01  -1.2741682e-01
   2.0000000e+00   5.9596931e-02  -2.3798827e+00  -1.2378728e+00   1.7589274e+00   8.3328828e-01  -9.5772838e-01   7.5576647e-01  -6.2735796e-01   1.4991688e+00  -1.0880833e-01
   2.0000000e+00  -7.9574140e-01  -1.4583714e+00  -1.2625878e+00  -1.7324622e+00  -3.9281839e-01   4.7519499e-03  -2.0262842e+00  -6.3094574e-01   3.2648676e-01  -1.5019939e+00
   2.0000000e+00  -1.2209716e+00   1.8277891e-01  -8.7174695e-01   1.1030799e+00  -4.2143801e-01   6.9369660e-01   1.2145145e+00   1.0064730e+00  -5.5329479e-01   9.4443577e-01
   2.0000000e+00   5.5491871e-01  -1.5823265e+00  -8.0854262e-01   1.0166561e+00  -4.6295397e-01   8.1483526e-01  -6.2527002e-01   2.1133884e+00  -5.6242027e-01  -1.4434946e-02
   2.0000000e+00   7.7066918e-01   4.3847929e-01   1.9346314e-01  -5.0290976e-01   1.3166766e+00  -5.3376860e-01  -2.7321296e-01  -3.4004124e-01  -7.2312151e-01   8.8917292e-01
   1.0000000e+00   3.1069051e-01  -6.3129419e-01  -1.1024895e+00  -1.0229832e+00  -1.0461937e+00   1.3452518e+00  -1.9013249e+00   5.0761854e-01   5.7613101e-01   1.5596428e+00
   2.0000000e+00   2.1881284e-01   7.8872832e-01  -1.6609650e-01   1.8800147e+00  -3.2388836e-01   2.8769921e-01   1.6677724e+00  -1.1909445e+00  -8.9415919e-01  -1.4333811e+00
   2.0000000e+00  -3.6907484e-01  -1.6882346e+00  -1.8604245e-02   1.0850076e+00  -1.2668852e+00  -3.4095719e-01  -1.4961070e+00  -1.6841617e+00   9.4010669e-01   2.3193763e-02
   2.0000000e+00  -1.1681099e+00   1.1348681e-01  -5.8837581e-01  -2.6069014e-01  -1.1211170e-01   9.0371047e-01   8.6542238e-01   4.4555080e-01  -9.4975502e-01   5.4176017e-01
   2.0000000e+00  -2.7188941e-02  -2.9000404e-01  -1.4411495e-01   4.2325904e-01   4.0263903e-01  -4.7857251e-01  -1.3579954e+00  -2.7245105e+00  -8.7979900e-01   6.9934922e-01
   1.0000000e+00   3.1735160e-01  -9.4440407e-02  -8.0481605e-01  -8.4415429e-01   7.5601037e-02  -1.8461115e+00  -3.7324389e-01   4.8259910e-01  -2.5584726e-01   4.0163173e-01
   1.0000000e+00  -1.8226350e-01   4.1055006e-02  -8.6402162e-01  -1.0759324e-01   1.2373175e+00  -1.3264107e+00  -6.0860680e-01   1.8542451e-01  -8.8727666e-01  -2.4569275e-01
   1.0000000e+00  -3.1668512e-01   2.9084290e-01   6.6080128e-01  -4.6217584e-02  -4.2903819e-01   9.2017138e-02  -2.9973775e-01   5.4691683e-01  -7.3834944e-01  -1.5695100e+00
   2.0000000e+00  -1.3040720e+00  -1.1083136e+00   1.0707253e-01  -4.8717911e-01   2.6373490e-01   1.8488937e-01  -9.0053481e-01   1.2131931e-01  -5.8173496e-01  -1.5456006e-01
   2.0000000e+00  -1.1984399e+00  -1.0150137e+00  -8.9173341e-01  -3.1835357e-01   4.6794575e-01   2.0982302e+00  -6.5732157e-02  -1.5754325e+00  -4.9252843e-01  -6.8742069e-01
   2.0000000e+00   8.6987497e-01  -9.1628473e-01  -7.5367075e-02   2.7220072e-01  -5.7761478e-01  -3.8202295e-01  -6.2908260e-01   5.3610920e-01  -8.2967442e-01  -2.2039661e-01
   2.0000000e+00  -1.0103360e+00  -5.1443790e-01  -7.1320960e-01   1.0736912e-01  -3.8399415e-01  -6.0970206e-01  -5.4150250e-01  -9.5616991e-01   1.1438544e+00   8.0307143e-01
   2.0000000e+00   1.2508288e+00   1.4842829e+00  -8.5072405e-01  -1.4753028e-01   5.1919873e-01  -7.7495383e-01  -9.7373799e-01  -1.7048247e+00  -7.8123553e-01  -5.2739622e-01
   1.0000000e+00   2.2020428e-01   9.2218050e-01   1.0512100e+00  -9.7725130e-01   2.7730303e-01  -8.8378020e-01  -2.8200997e-02   1.9989096e-01  -1.0026466e+00  -2.9497974e-02
   2.0000000e+00   1.3617460e+00   7.0686183e-01   1.2471552e+00  -1.5545677e-01   6.9623770e-03  -5.5950297e-01  -6.5713060e-03  -5.4323232e-01  -1.0142724e+00   1.1141894e+00
   2.0000000e+00  -2.2104847e+00  -2.5247801e-02  -6.0815472e-02   5.7838193e-02   5.6477130e-02   6.1157135e-01  -5.0543221e-01  -6.8048605e-01  -1.7534414e+00   1.0374763e+00
   2.0000000e+00  -1.1524359e-01   1.6115907e-01  -1.3071103e+00   2.5981927e-01  -3.2591542e-02  -2.4143810e-01   1.8420708e+00  -1.1999123e+00   1.2161615e+00   7.3572871e-01
   2.0000000e+00  -1.0088559e+00  -7.1922676e-01   1.0544747e+00   6.2482772e-01   1.9219521e+00  -1.1437748e+00   1.1544328e+00  -8.7884379e-02  -1.5915452e+00   8.1923328e-01
   2.0000000e+00   8.3579386e-01   7.9347990e-01   8.4107123e-01   9.3286188e-01  -2.0086593e-01   9.6205244e-01  -8.1123616e-01  -1.8770095e+00   4.3964593e-01  -1.5804924e+00
   2.0000000e+00   1.6798139e+00   1.7321735e+00  -2.6797467e+00  -4.3947567e-03   5.2855730e-01   2.2608391e+00  -4.7063845e-01  -7.7594199e-01  -8.8760515e-01   1.5955005e+00
   2.0000000e+00   7.5309692e-01   4.6515861e-01   1.1240401e+00  -4.5485623e-01   1.3332069e+00   3.9709860e-01   6.1659597e-01  -8.7722850e-01   1.9249202e+00   5.0427618e-01
   2.0000000e+00  -2.4792639e-01   5.1755824e-01  -6.5661161e-01  -1.7679000e-01  -6.7854060e-01   2.0751598e-01  -4.5857276e-01  -1.9497943e-01  -6.2236426e-01   6.8875100e-01
   2.0000000e+00  -8.2675308e-01  -1.2592283e+00   6.4174515e-01  -7.5030038e-01  -1.4494667e+00   1.1513369e+00  -1.8274088e+00   3.9229400e-01  -9.3852032e-01   9.2639394e-02
   2.0000000e+00  -2.0622597e+00   7.8884382e-01   1.3704352e+00   5.5545579e-02   2.2587805e-01  -1.6608512e+00  -9.6296968e-01   6.6397843e-01   2.5084061e-01   7.4508575e-01
   2.0000000e+00   1.9146517e+00  -8.6579212e-01  -3.4071857e-01  -7.1044055e-01   2.2903784e-01  -2.9111665e-01   9.5993847e-01  -5.9754260e-01  -1.0527075e+00  -1.6701579e+00
   2.0000000e+00   1.2225691e+00   1.3072258e-01  -8.1457500e-02  -5.4656446e-01  -3.3043030e-01  -1.0555734e+00   3.7825353e-01  -3.7861073e-01   2.5725620e-01   1.2257539e+00
   1.0000000e+00  -2.8709473e-01   1.7231284e-01  -1.0772504e+00   1.3839422e+00  -7.4367943e-01  -2.3808000e-01  -5.9843626e-01   8.1254387e-01  -8.7165923e-01  -5.7094150e-01
   1.0000000e+00   1.8926296e-01   4.5711062e-01  -1.1337715e+00  -1.5186920e-02  -6.1844999e-01   4.5672749e-01   1.8745037e-01   8.0280161e-01  -1.4560848e-01  -1.1487169e-01
   2.0000000e+00  -1.0115512e+00   5.2768500e-01  -1.2016355e-01   1.3623461e-01   6.6752975e-01  -1.2068668e+00   1.8517967e+00  -4.9610262e-01   1.6702945e-01  -9.2105352e-01
   2.0000000e+00  -7.7010548e-01   6.4631838e-02  -4.6452426e-01  -4.0814500e-01   8.4876574e-01  -2.1343055e-01   5.2853971e-01  -1.2251791e+00  -5.7222144e-01   3.8934132e-01
   2.0000000e+00   2.9774621e-01   1.0205540e-01  -7.0253263e-02   1.7988532e+00   3.7709795e-01  -1.3264719e-01   6.0247096e-01  -1.1807541e+00   1.2425522e-01   5.1400212e-01
   2.0000000e+00   1.2403173e+00   1.5246177e+00  -1.0161405e+00   9.7813287e-01  -4.8150416e-01  -9.8323436e-01  -8.4962027e-02   5.1519497e-01  -1.3175393e+00   1.1622651e-01
   2.0000000e+00   2.5905619e-01  -1.3217068e+00  -1.2153463e+00  -1.3212665e+00   8.3996315e-01  -1.1408129e+00   1.0266553e+00  -8.9436753e-02  -1.1944439e-01   6.6769405e-01
   2.0000000e+00   1.7016714e+00   2.0930507e-01  -1.1972833e+00  -1.2624429e+00  -2.0338669e-01  -2.7085814e-03  -1.4595816e+00   7.8423933e-01  -1.3607380e-01  -8.0688555e-01
   1.0000000e+00   4.3567904e-01  -2.3652639e-01   7.9662422e-01   4.6304058e-01   2.5725015e-01  -3.9020796e-01  -6.9302366e-01   6.4245454e-01  -7.2852984e-01  -9.2060238e-01
   2.0000000e+00  -9.7935610e-01  -1.2008492e+00   2.8092863e-01  -4.8925560e-02   2.4756685e-01  -8.6154288e-02   2.7942533e+00  -2.3588582e-01   2.8324972e-01  -7.0187744e-01
   2.0000000e+00  -9.7332643e-01  -8.9540139e-01  -6.3224560e-01   1.8317853e+00   2.6334499e-01  -1.2312148e+00   1.7501943e+00   9.1736214e-01   4.5669682e-01   1.6991130e-01
   2.0000000e+00   5.4107285e-01   2.7792137e+00   1.2599209e+00  -1.9027464e+00  -1.3485470e+00   7.7480585e-02  -9.2526165e-01  -3.6274429e-01  -1.4216188e-01  -1.8061841e+00
   2.0000000e+00  -1.4202526e+00  -1.3665657e+00   7.7171117e-01   8.3683195e-01  -1.4024553e-01   2.0533098e-01   1.3354329e+00   9.7643923e-02   1.2834807e+00   1.3938991e+00
   2.0000000e+00   2.4555129e-01   6.1917084e-01   1.8836990e-01  -4.1831116e-01   8.6689804e-01   1.3741434e+00  -5.4035674e-01  -4.4151339e-01   8.9043870e-01  -1.2781939e+00
   2.0000000e+00  -8.2993685e-01  -7.7177135e-02   3.1936861e-01   9.6224089e-02  -9.7481945e-02  -7.6049767e-01  -3.7416506e-01  -4.5333630e-01  -4.0194311e-01  -2.6046962e-02
   2.0000000e+00   1.8645818e+00   1.1614463e+00   9.6951317e-01  -2.1894554e-01  -5.6573282e-02  -2.0806755e+00  -2.0816919e-01  -2.1696681e-01   6.7467627e-01   1.0744180e+00
   1.0000000e+00   3.7967170e-02   1.9774165e+00   6.1016746e-01  -1.3049984e+00  -3.8052598e-01  -1.7636427e+00   7.9022805e-01   7.7188410e-01  -9.5609568e-01  -1.4721630e+00
   1.0000000e+00   3.0082118e-01   5.1829488e-01   2.0650469e-01  -1.2892714e+00  -1.1844103e-01   6.4630397e-01   5.0928451e-01   3.4092770e-01   9.9937241e-01  -2.4048673e+00
   2.0000000e+00  -1.9170134e+00  -6.3044269e-03  -4.1686413e-01  -1.3144279e+00   1.1846566e+00   1.3056197e-01   7.6139415e-01  -5.4178411e-01   4.0063309e-01  -1.0632257e+00
   2.0000000e+00  -8.2874018e-01   6.9979195e-01  -4.6599784e-01   2.8032230e-01  -9.1541159e-01   1.2834859e-01  -8.1221261e-01   1.5292369e+00  -2.7664641e-01  -2.6318585e-01
   2.0000000e+00  -8.9614548e-01   2.1193796e+00  -1.9326065e+00  -9.5998123e-01   2.1696456e-01   3.3767579e-01   7.5634393e-01   3.3198729e-01   2.5770592e-02   1.3805662e+00
   2.0000000e+00   7.4747813e-01   2.7824073e-02  -4.0717804e-01  -1.1255131e+00  -2.0210674e+00   2.9693613e-01  -1.3107139e+00  -4.4288192e-01  -3.0870071e-02   9.3790207e-01
   2.0000000e+00   1.2107143e+00   1.0206513e-01   6.3762108e-01  -1.9803666e-01   1.7353491e+00   8.1124216e-01   9.5847966e-01  -4.4227558e-01  -4.1163022e-02   1.0081365e+00
   2.0000000e+00  -1.6008909e-01  -1.0626291e+00  -3.2126213e-01  -2.2004011e+00  -9.9314095e-01  -6.2673123e-01   8.5316792e-01   2.0019444e+00  -1.6846717e+00  -2.1122262e+00
   1.0000000e+00   3.0599526e-01   3.4098957e-01  -2.4955958e-01  -1.2190279e+00  -3.7469620e-01  -4.6941825e-01  -1.5564471e-01   5.1162320e-01  -8.3344363e-01  -1.6514967e-01
   2.0000000e+00  -1.2791479e-01  -1.1830751e+00   1.2617032e-01  -7.1420548e-01   1.1965069e+00  -1.2485627e+00   1.5304874e-01  -7.0999148e-01  -8.3232471e-01  -3.2210209e-01
   2.0000000e+00  -4.4793636e-02   1.3507528e+00  -7.8917413e-01  -1.5465960e+00   7.4973236e-01   7.4677906e-01   1.7666462e+00   1.9563405e+00   3.1594485e-02   4.2438260e-01
   1.0000000e+00  -5.9041461e-01   3.1821380e-02   1.8288196e-01   1.3961897e+00   1.2203190e-01   5.9599178e-01   1.2906624e+00   2.2030601e-01   6.4307784e-01   2.0060078e+00
   2.0000000e+00  -1.0321102e+00  -4.2779794e-01  -1.3239677e+00   9.4083831e-01  -3.7439411e-02   1.8629180e+00   1.6127461e+00  -1.5244555e-01  -1.5686010e-01   3.6262781e-01
   1.0000000e+00   3.1804223e-01   7.7525209e-01   3.1874875e-01  -1.1696120e+00  -1.7898876e-01  -8.6875427e-01  -6.3617844e-01   2.4656002e-02   8.4890535e-01   1.7654548e-01
   1.0000000e+00   5.1532025e-01  -2.4128067e+00  -2.0751121e-01   1.6215639e+00   1.3008245e+00   3.6680177e-01  -8.4202494e-01   7.1808043e-01  -1.0345047e+00   6.7465643e-01
   2.0000000e+00   7.3002930e-01  -1.0173069e+00  -3.7576006e-01   1.3616494e-01   2.9599943e-01   5.5088358e-01   2.9911290e-02   1.0279103e+00  -7.2394149e-01  -6.9094286e-01
   1.0000000e+00   3.4889885e-01   5.3852665e-01   1.0090827e-01  -3.9318352e-01  -1.1252191e+00   2.8577171e-01   3.2399305e-02   3.1122695e-01  -2.3897742e+00   1.1346618e-01
   2.0000000e+00   9.2161771e-01  -5.4222140e-01   4.6874868e-01  -1.6693205e-02   2.0550723e-01  -1.3720425e+00   3.0611905e-01   1.2879712e+00   7.5161482e-01  -9.0171979e-01
   1.0000000e+00  -5.2085635e-01   1.4830492e+00  -6.0416355e-01  -8.1182505e-01   1.6169132e-01   1.0249285e-02  -7.7062073e-01   2.0499981e-01  -1.5767392e+00   3.8917684e-01
   2.0000000e+00  -3.8185176e-01  -3.1531799e-01  -1.2263932e-01   6.0823337e-01   6.1244713e-04   1.3548135e+00  -9.1341151e-01  -3.9480509e-01   8.9484957e-01   7.5300557e-02
   2.0000000e+00  -5.4666082e-02   3.3176027e-01   2.8681543e-01   1.5111698e-01  -1.7964549e-01  -6.3947071e-01   1.0436602e+00  -1.0959254e+00  -1.8358982e+00  -1.0880332e+00
   2.0000000e+00   7.3375603e-03   3.0270488e-01   1.2955555e+00   6.6703743e-01   2.7234143e-02   2.7810426e-01   1.0934936e+00  -3.8279610e-01   1.1956321e+00  -1.1805665e+00
   2.0000000e+00   5.8468558e-02  -4.7935201e-02  -7.6667108e-01   9.7225091e-01  -6.7967221e-02  -5.8522528e-02   4.2255807e-01  -3.6611442e-01  -1.5049557e-03  -1.4953564e+00
   2.0000000e+00  -1.3602836e+00   1.7421151e+00  -3.6319924e-02  -9.6537508e-01   3.7622048e-01   1.1615644e+00   5.9508024e-01   3.6693450e-01  -1.1461173e-01  -1.4260524e+00
   1.0000000e+00  -6.8162975e-01  -3.2408788e-01   7.9043112e-02   6.1007353e-01   3.4505924e-01  -9.6218984e-01  -1.7963252e+00   2.6472565e-01  -2.5075612e-01  -1.9997002e-01
   1.0000000e+00  -5.7731403e-02  -1.3812581e+00   1.5775438e+00  -2.2746084e+00  -6.5608540e-02  -6.5501757e-01  -3.1513296e-01   8.7155324e-01  -4.0446304e-01   1.1223488e-02
   2.0000000e+00  -1.1084938e+00  -9.5777644e-01   6.0401518e-01  -3.4508280e-01  -1.9836344e-01  -2.3797959e+00   3.5128603e-01  -1.8633670e-01  -6.3896580e-01  -1.4797196e+00
   2.0000000e+00  -1.4590541e+00  -3.2087496e-01  -9.6758860e-01  -1.4854459e-01  -7.4831223e-01   1.5166155e-01   2.1554147e-01   3.5870151e-01   1.8608203e+00   6.4551099e-01
   1.0000000e+00  -9.8794224e-02   5.8118545e-01  -6.7253942e-01  -1.4423808e+00   3.6888367e-01   1.5903781e+00   7.6256695e-01   1.6242797e-01   1.7770069e+00  -4.9804711e-01
   1.0000000e+00   3.9948727e-01  -8.5309707e-01   5.9757379e-01  -5.6704651e-01  -4.6538282e-01   9.6833264e-01   8.2557812e-01   2.4069470e-01  -2.8555435e+00   2.0992678e+00
   2.0000000e+00   6.6278989e-01  -2.0352812e-01   9.7306829e-01  -5.5898412e-01  -1.4515860e+00  -3.9085053e-02  -2.5442052e-01   7.1216381e-01  -3.2737857e-01   6.0673369e-01
   2.0000000e+00  -1.5067380e+00  -3.2005405e-01   1.7730699e-01  -9.1497340e-01  -8.9504220e-01  -1.3635349e-01   7.4588176e-01   5.1160547e-01   1.5001577e-01  -2.5689787e-01
   2.0000000e+00  -2.9852072e-01  -9.2477178e-01   4.4752794e-01   1.2694648e+00   6.8182684e-01  -6.2301720e-01  -8.1778572e-01   1.7493777e+00  -2.8539334e-01  -8.0519497e-01
   2.0000000e+00  -1.8783323e-01   1.4173905e+00  -6.3470067e-01   2.2983242e-01   6.1234777e-02   4.4979601e-01   1.6002357e+00  -3.4938209e-01  -1.1861520e+00  -4.9601674e-02
   2.0000000e+00  -1.0571356e+00   3.1611760e-01  -2.5847211e-01   3.3121296e-02   3.0159681e+00   1.3508294e+00  -3.4413800e-01  -3.1988436e-02  -5.5485442e-01   1.7951263e+00
   2.0000000e+00   3.4660379e-01  -1.1253684e+00   8.2854200e-02   1.0463953e+00  -2.1679539e-01   4.1660165e-02   1.3937305e+00  -2.1996237e+00   5.9620058e-01  -9.1168209e-01
   2.0000000e+00   1.6557958e+00  -5.2540128e-02  -4.9442666e-01   8.2118573e-01  -7.5240189e-01  -1.6826167e-01  -1.7115584e+00  -6.7975903e-01  -5.8184783e-01  -8.4378572e-01
